20
20
64 57 81 98 59 87 93 62 20 14 85 45 47  9 94  9 15 66  1 94
39 96 88 83 77 58 83  3 78 68 64 97 33 25 47 44  7 60 42 91
96 66 88 60 22 92 62 14 89 39 94 66 10 53 26 15 65 82 10 27
93 92 96 70 83 74 31 88 51 57 78  8  7 91 79 18 51 18 99 33
4 82 40 86 50 54 21  6 54 68 82 20 39 35 68 73 23 30 30 53
94 58 93 32 91 30 56 27 92  9 78 23 21 60 36 29 95 99 79 76
93 42 52 42 96 29 61 88 70 16 31 65 83 78 26 50 87 62 14 30
18 75 20  4 91 68 19 54 85 73 43 24 37 87 66 32 52  9 49 61
35 99 62  6 62  7 80  3 57  7 85 30 96 91 13 87 82 83 78 56
85  8 66 88 15  5 59 30 60 41 17 66 89 78 88 69 45 82  6 13
90 27  1  8 91 80 89 49 32 28 90 93  6 35 73 47 43 75  8 51
3 84 34 28 60 69 45 67 58 87 65 62 97 20 31 33 33 77 50 80
48 90 75 96 44 28 21 51 75 17 89 59 56 63 18 17 30 16  7 35
57 16 42 34 37 26 68 73  5  8 12 87 83 20 97 20 85 61  9 36
63 11 45 10 33  5 41 47  9 74 33 35 78 12 22 44  8 97 10 86
33 60 21 96 69 34 94 15 23 84 16 55 50  5 59 35 12 57 11 51
72 42  4 62 15 27 16 34  8 50 85 12 48  5 25 40 81 46 67 25
83 92 25 40 21  4 43 38 60 24  3 28 86 68 55 91 97 19 73 20
28 81 46 98 46 29 96 12 71 32 64 39 16 97 99 49 75  7 79 80
71 9 11 8 4 47 93 82 6 49 7 24 92 13 86 80 34 75 35 29